osu file format v14

[General]
AudioFilename:party-chaos.ogg
AudioLeadIn:0
PreviewTime:-1
Countdown:0
SampleSet:Soft
StackLeniency:0.7
Mode:3
LetterboxInBreaks:0
SpecialStyle:0
WidescreenStoryboard:0

[Editor]
DistanceSpacing:0.8
BeatDivisor:2
GridSize:32
TimelineZoom:1

[Metadata]
Title:
TitleUnicode:
Artist:
ArtistUnicode:
Creator:
Version:Easy
Source:
Tags:
BeatmapID:0
BeatmapSetID:-1

[Difficulty]
HPDrainRate:5
CircleSize:4
OverallDifficulty:1
ApproachRate:5
SliderMultiplier:1.4
SliderTickRate:1

[Events]
//Background and Video events
//Break Periods
//Storyboard Layer 0 (Background)
//Storyboard Layer 1 (Fail
//Storyboard Layer 2 (Pass
//Storyboard Layer 3 (Foreground)
//Storyboard Sound Samples

[TimingPoints]
308,571.428571,4,1,0,100,1,0

[HitObjects]
64,192,4082,1,0,0:0:0:0:
192,192,4213,1,0,0:0:0:0:
320,192,4356,1,0,0:0:0:0:
64,192,4665,1,0,0:0:0:0:
192,192,4927,128,0,5189:0:0:0:0:
320,192,5344,1,0,0:0:0:0:
448,192,5487,1,0,0:0:0:0:
320,192,5594,1,0,0:0:0:0:
64,192,5760,128,0,6177:0:0:0:0:
64,192,7701,1,0,0:0:0:0:
192,192,7701,1,0,0:0:0:0:
64,192,7975,1,0,0:0:0:0:
192,192,7975,1,0,0:0:0:0:
192,192,10094,1,0,0:0:0:0:
448,192,10118,1,0,0:0:0:0:
64,192,10344,1,0,0:0:0:0:
320,192,10344,1,0,0:0:0:0:
448,192,10475,1,0,0:0:0:0:
320,192,10653,1,0,0:0:0:0:
448,192,10784,1,0,0:0:0:0:
320,192,10903,1,0,0:0:0:0:
64,192,11118,1,0,0:0:0:0:
192,192,12272,1,0,0:0:0:0:
448,192,12284,1,0,0:0:0:0:
64,192,12546,1,0,0:0:0:0:
320,192,12546,1,0,0:0:0:0:
448,192,12713,1,0,0:0:0:0:
192,192,12844,1,0,0:0:0:0:
320,192,12844,1,0,0:0:0:0:
448,192,13010,1,0,0:0:0:0:
192,192,14046,1,0,0:0:0:0:
320,192,14046,1,0,0:0:0:0:
64,192,14260,1,0,0:0:0:0:
448,192,14260,1,0,0:0:0:0:
192,192,15129,1,0,0:0:0:0:
448,192,15129,1,0,0:0:0:0:
320,192,15368,1,0,0:0:0:0:
192,192,16201,1,0,0:0:0:0:
448,192,16225,1,0,0:0:0:0:
192,192,16522,1,0,0:0:0:0:
320,192,16522,1,0,0:0:0:0:
192,192,18856,1,0,0:0:0:0:
448,192,18963,1,0,0:0:0:0:
320,192,19082,1,0,0:0:0:0:
64,192,19189,1,0,0:0:0:0:
192,192,19296,1,0,0:0:0:0:
192,192,19606,1,0,0:0:0:0:
448,192,19891,1,0,0:0:0:0:
320,192,19987,1,0,0:0:0:0:
448,192,20058,1,0,0:0:0:0:
320,192,20153,1,0,0:0:0:0:
448,192,20201,1,0,0:0:0:0:
320,192,20284,1,0,0:0:0:0:
64,192,20415,1,0,0:0:0:0:
192,192,20510,1,0,0:0:0:0:
64,192,20594,1,0,0:0:0:0:
192,192,20665,1,0,0:0:0:0:
64,192,20760,1,0,0:0:0:0:
448,192,20868,1,0,0:0:0:0:
320,192,20939,1,0,0:0:0:0:
64,192,30344,1,0,0:0:0:0:
448,192,30475,1,0,0:0:0:0:
320,192,30618,1,0,0:0:0:0:
192,192,30772,1,0,0:0:0:0:
192,192,31106,1,0,0:0:0:0:
448,192,31415,1,0,0:0:0:0:
320,192,31522,1,0,0:0:0:0:
448,192,31618,1,0,0:0:0:0:
64,192,31796,1,0,0:0:0:0:
192,192,31927,128,0,32558:0:0:0:0:
192,192,32903,1,0,0:0:0:0:
448,192,33129,1,0,0:0:0:0:
320,192,33225,1,0,0:0:0:0:
448,192,33320,1,0,0:0:0:0:
64,192,33475,1,0,0:0:0:0:
192,192,33594,1,0,0:0:0:0:
448,192,33748,1,0,0:0:0:0:
320,192,33891,1,0,0:0:0:0:
448,192,34070,1,0,0:0:0:0:
320,192,34237,128,0,34784:0:0:0:0:
192,192,35141,1,0,0:0:0:0:
448,192,35284,1,0,0:0:0:0:
320,192,35391,1,0,0:0:0:0:
448,192,35487,1,0,0:0:0:0:
64,192,35677,1,0,0:0:0:0:
192,192,35975,1,0,0:0:0:0:
448,192,36082,1,0,0:0:0:0:
320,192,36237,1,0,0:0:0:0:
448,192,36332,1,0,0:0:0:0:
320,192,36451,1,0,0:0:0:0:
64,192,36784,1,0,0:0:0:0:
64,192,36963,1,0,0:0:0:0:
192,192,37165,1,0,0:0:0:0:
448,192,37463,1,0,0:0:0:0:
320,192,37546,1,0,0:0:0:0:
64,192,37725,1,0,0:0:0:0:
192,192,37844,1,0,0:0:0:0:
448,192,38022,1,0,0:0:0:0:
192,192,38451,1,0,0:0:0:0:
320,192,38582,1,0,0:0:0:0:
448,192,38689,1,0,0:0:0:0:
320,192,38820,1,0,0:0:0:0:
448,192,38951,1,0,0:0:0:0:
320,192,39046,1,0,0:0:0:0:
192,192,39189,1,0,0:0:0:0:
64,192,39451,1,0,0:0:0:0:
448,192,39629,1,0,0:0:0:0:
320,192,39772,1,0,0:0:0:0:
192,192,39927,128,0,40118:0:0:0:0:
448,192,40189,128,0,40451:0:0:0:0:
64,192,40582,1,0,0:0:0:0:
192,192,40713,1,0,0:0:0:0:
448,192,40891,1,0,0:0:0:0:
320,192,41034,1,0,0:0:0:0:
320,192,41237,128,0,41379:0:0:0:0:
192,192,41487,128,0,41677:0:0:0:0:
64,192,41844,1,0,0:0:0:0:
192,192,41951,1,0,0:0:0:0:
448,192,42141,1,0,0:0:0:0:
320,192,42260,128,0,42391:0:0:0:0:
448,192,42522,128,0,42689:0:0:0:0:
64,192,42903,1,0,0:0:0:0:
192,192,43010,1,0,0:0:0:0:
320,192,43153,1,0,0:0:0:0:
448,192,43248,1,0,0:0:0:0:
320,192,43415,128,0,43689:0:0:0:0:
64,192,44094,1,0,0:0:0:0:
192,192,44189,1,0,0:0:0:0:
320,192,44356,1,0,0:0:0:0:
448,192,44475,1,0,0:0:0:0:
320,192,44558,128,0,44772:0:0:0:0:
192,192,44832,128,0,45082:0:0:0:0:
192,192,45189,1,0,0:0:0:0:
320,192,45296,1,0,0:0:0:0:
448,192,45427,1,0,0:0:0:0:
320,192,45546,1,0,0:0:0:0:
64,192,45713,128,0,45820:0:0:0:0:
64,192,45987,128,0,46129:0:0:0:0:
192,192,46308,1,0,0:0:0:0:
448,192,46451,1,0,0:0:0:0:
320,192,46582,1,0,0:0:0:0:
448,192,46713,1,0,0:0:0:0:
320,192,46856,128,0,46998:0:0:0:0:
320,192,47141,128,0,47308:0:0:0:0:
192,192,47451,1,0,0:0:0:0:
448,192,47546,1,0,0:0:0:0:
64,192,47713,1,0,0:0:0:0:
192,192,47856,1,0,0:0:0:0:
448,192,47998,128,0,48522:0:0:0:0:
192,192,62582,1,0,0:0:0:0:
64,192,62879,1,0,0:0:0:0:
192,192,63046,128,0,63201:0:0:0:0:
320,192,63522,128,0,63713:0:0:0:0:
192,192,63891,1,0,0:0:0:0:
64,192,64010,1,0,0:0:0:0:
320,192,64177,1,0,0:0:0:0:
448,192,64296,1,0,0:0:0:0:
320,192,64403,1,0,0:0:0:0:
192,192,64558,128,0,64832:0:0:0:0:
192,192,65094,1,0,0:0:0:0:
320,192,65296,1,0,0:0:0:0:
448,192,65391,1,0,0:0:0:0:
320,192,65534,1,0,0:0:0:0:
64,192,65653,1,0,0:0:0:0:
192,192,65784,128,0,66058:0:0:0:0:
192,192,66248,128,0,66641:0:0:0:0:
320,192,66903,128,0,68141:0:0:0:0:
320,192,68677,1,0,0:0:0:0:
192,192,68820,1,0,0:0:0:0:
64,192,68951,1,0,0:0:0:0:
448,192,69094,1,0,0:0:0:0:
320,192,69189,1,0,0:0:0:0:
192,192,69356,1,0,0:0:0:0:
64,192,69498,1,0,0:0:0:0:
192,192,69665,1,0,0:0:0:0:
192,192,69975,1,0,0:0:0:0:
192,192,70046,1,0,0:0:0:0:
320,192,70451,1,0,0:0:0:0:
448,192,70582,1,0,0:0:0:0:
64,192,70748,1,0,0:0:0:0:
192,192,70856,1,0,0:0:0:0:
320,192,71189,1,0,0:0:0:0:
448,192,71284,1,0,0:0:0:0:
320,192,71391,1,0,0:0:0:0:
64,192,71487,1,0,0:0:0:0:
192,192,71594,128,0,72046:0:0:0:0:
320,192,72118,1,0,0:0:0:0:
448,192,72308,128,0,72439:0:0:0:0:
64,192,72582,128,0,72856:0:0:0:0:
192,192,72975,1,0,0:0:0:0:
448,192,73237,128,0,73344:0:0:0:0:
320,192,73475,1,0,0:0:0:0:
64,192,73606,128,0,74070:0:0:0:0:
192,192,74237,1,0,0:0:0:0:
320,192,74344,1,0,0:0:0:0:
448,192,74487,1,0,0:0:0:0:
320,192,74594,1,0,0:0:0:0:
192,192,74677,1,0,0:0:0:0:
320,192,74796,1,0,0:0:0:0:
448,192,74915,1,0,0:0:0:0:
320,192,75034,1,0,0:0:0:0:
192,192,75129,1,0,0:0:0:0:
64,192,75498,1,0,0:0:0:0:
192,192,75594,1,0,0:0:0:0:
320,192,75713,1,0,0:0:0:0:
320,192,75975,1,0,0:0:0:0:
192,192,76070,1,0,0:0:0:0:
64,192,76189,1,0,0:0:0:0:
64,192,76713,1,0,0:0:0:0:
192,192,76903,1,0,0:0:0:0:
320,192,76975,1,0,0:0:0:0:
448,192,77070,1,0,0:0:0:0:
320,192,77189,1,0,0:0:0:0:
64,192,77308,128,0,77606:0:0:0:0:
64,192,77784,1,0,0:0:0:0:
192,192,77903,1,0,0:0:0:0:
448,192,78129,1,0,0:0:0:0:
320,192,78368,1,0,0:0:0:0:
320,192,78808,1,0,0:0:0:0:
448,192,78915,1,0,0:0:0:0:
192,192,79010,1,0,0:0:0:0:
192,192,94379,1,0,0:0:0:0:
448,192,94534,1,0,0:0:0:0:
320,192,94665,1,0,0:0:0:0:
64,192,94808,128,0,94939:0:0:0:0:
192,192,95094,128,0,95368:0:0:0:0:
448,192,95510,1,0,0:0:0:0:
320,192,95606,1,0,0:0:0:0:
448,192,95748,1,0,0:0:0:0:
64,192,95891,128,0,96082:0:0:0:0:
320,192,96225,128,0,96487:0:0:0:0:
64,192,96653,1,0,0:0:0:0:
448,192,96784,1,0,0:0:0:0:
192,192,96939,1,0,0:0:0:0:
64,192,97141,128,0,97284:0:0:0:0:
192,192,97415,128,0,97677:0:0:0:0:
448,192,97832,1,0,0:0:0:0:
320,192,97939,1,0,0:0:0:0:
448,192,98082,1,0,0:0:0:0:
64,192,98248,128,0,98891:0:0:0:0:
192,192,98546,128,0,98891:0:0:0:0:
320,192,111939,1,0,0:0:0:0:
448,192,112010,1,0,0:0:0:0:
64,192,112248,1,0,0:0:0:0:
192,192,112522,1,0,0:0:0:0:
320,192,112820,128,0,113320:0:0:0:0:
192,192,113368,1,0,0:0:0:0:
320,192,113534,128,0,114725:0:0:0:0:
192,192,114820,1,0,0:0:0:0:
64,192,114963,1,0,0:0:0:0:
192,192,115082,1,0,0:0:0:0:
320,192,115141,1,0,0:0:0:0:
448,192,115296,1,0,0:0:0:0:
320,192,115403,1,0,0:0:0:0:
192,192,115439,1,0,0:0:0:0:
64,192,115570,1,0,0:0:0:0:
192,192,115665,128,0,115915:0:0:0:0:
448,192,115975,1,0,0:0:0:0:
192,192,116237,128,0,116653:0:0:0:0:
192,192,116760,1,0,0:0:0:0:
448,192,116891,1,0,0:0:0:0:
64,192,116998,1,0,0:0:0:0:
320,192,117094,1,0,0:0:0:0:
192,192,117213,1,0,0:0:0:0:
320,192,117379,1,0,0:0:0:0:
448,192,117510,1,0,0:0:0:0:
320,192,117618,1,0,0:0:0:0:
64,192,117748,1,0,0:0:0:0:
192,192,117891,1,0,0:0:0:0:
448,192,118034,1,0,0:0:0:0:
448,192,119213,1,0,0:0:0:0:
320,192,119320,1,0,0:0:0:0:
64,192,119451,1,0,0:0:0:0:
192,192,119558,1,0,0:0:0:0:
320,192,119701,1,0,0:0:0:0:
320,192,119808,1,0,0:0:0:0:
192,192,120534,1,0,0:0:0:0:
64,192,120665,1,0,0:0:0:0:
192,192,120748,1,0,0:0:0:0:
320,192,120891,1,0,0:0:0:0:
448,192,121022,128,0,121284:0:0:0:0:
448,192,121463,1,0,0:0:0:0:
192,192,121570,1,0,0:0:0:0:
64,192,121713,1,0,0:0:0:0:
64,192,121844,1,0,0:0:0:0:
192,192,121915,1,0,0:0:0:0:
320,192,122070,1,0,0:0:0:0:
448,192,122153,1,0,0:0:0:0:
320,192,122225,1,0,0:0:0:0:
192,192,122344,1,0,0:0:0:0:
320,192,122463,1,0,0:0:0:0:
448,192,122570,1,0,0:0:0:0:
64,192,122713,1,0,0:0:0:0:
192,192,122820,1,0,0:0:0:0:
448,192,122987,1,0,0:0:0:0:
320,192,123118,1,0,0:0:0:0:
192,192,123308,1,0,0:0:0:0:
448,192,123415,1,0,0:0:0:0:
192,192,123522,1,0,0:0:0:0:
64,192,123832,1,0,0:0:0:0:
192,192,124010,1,0,0:0:0:0:
448,192,124391,128,0,124748:0:0:0:0:
192,192,124927,128,0,125141:0:0:0:0:
192,192,125296,128,0,125927:0:0:0:0:
64,192,126082,1,0,0:0:0:0:
448,192,126248,1,0,0:0:0:0:
192,192,135189,1,0,0:0:0:0:
448,192,135189,1,0,0:0:0:0:
64,192,135439,1,0,0:0:0:0:
320,192,135534,1,0,0:0:0:0:
192,192,135629,1,0,0:0:0:0:
448,192,135832,128,0,135998:0:0:0:0:
320,192,136141,128,0,136332:0:0:0:0:
64,192,136498,1,0,0:0:0:0:
192,192,136594,1,0,0:0:0:0:
448,192,136784,1,0,0:0:0:0:
320,192,136915,1,0,0:0:0:0:
192,192,137070,128,0,137606:0:0:0:0:
192,192,137808,1,0,0:0:0:0:
192,192,138129,1,0,0:0:0:0:
192,192,138320,1,0,0:0:0:0:
320,192,138534,1,0,0:0:0:0:
448,192,138653,1,0,0:0:0:0:
64,192,138808,1,0,0:0:0:0:
192,192,139082,1,0,0:0:0:0:
448,192,139213,128,0,139927:0:0:0:0:
192,192,140177,1,0,0:0:0:0:
320,192,140296,1,0,0:0:0:0:
448,192,140403,1,0,0:0:0:0:
320,192,140510,1,0,0:0:0:0:
64,192,140618,1,0,0:0:0:0:
192,192,140951,1,0,0:0:0:0:
192,192,141189,1,0,0:0:0:0:
320,192,141320,1,0,0:0:0:0:
448,192,141439,1,0,0:0:0:0:
320,192,141582,1,0,0:0:0:0:
64,192,141868,1,0,0:0:0:0:
192,192,141987,1,0,0:0:0:0:
448,192,142153,1,0,0:0:0:0:
448,192,142451,1,0,0:0:0:0:
320,192,142689,1,0,0:0:0:0:
192,192,142820,1,0,0:0:0:0:
64,192,143010,1,0,0:0:0:0:
192,192,143594,1,0,0:0:0:0:
320,192,143665,1,0,0:0:0:0:
448,192,143784,1,0,0:0:0:0:
320,192,143891,1,0,0:0:0:0:
64,192,144022,1,0,0:0:0:0:
192,192,144118,1,0,0:0:0:0:
320,192,144248,1,0,0:0:0:0:
448,192,144344,1,0,0:0:0:0:
320,192,144427,1,0,0:0:0:0:
192,192,144796,1,0,0:0:0:0:
448,192,144951,1,0,0:0:0:0:
320,192,145058,1,0,0:0:0:0:
64,192,145201,1,0,0:0:0:0:
192,192,145356,1,0,0:0:0:0:
64,192,145653,1,0,0:0:0:0:
192,192,145760,1,0,0:0:0:0:
320,192,145927,1,0,0:0:0:0:
448,192,146058,1,0,0:0:0:0:
320,192,146189,1,0,0:0:0:0:
448,192,146522,1,0,0:0:0:0:
192,192,146629,1,0,0:0:0:0:
320,192,146760,1,0,0:0:0:0:
64,192,147070,1,0,0:0:0:0:
192,192,147165,1,0,0:0:0:0:
320,192,147308,1,0,0:0:0:0:
448,192,147463,1,0,0:0:0:0:
320,192,147594,1,0,0:0:0:0:
192,192,148189,1,0,0:0:0:0:
64,192,148320,1,0,0:0:0:0:
320,192,148451,1,0,0:0:0:0:
448,192,148546,1,0,0:0:0:0:
320,192,148641,1,0,0:0:0:0:
192,192,148737,1,0,0:0:0:0:
192,192,149594,1,0,0:0:0:0:
320,192,149713,1,0,0:0:0:0:
448,192,149844,1,0,0:0:0:0:
320,192,149998,128,0,150237:0:0:0:0:
64,192,150403,1,0,0:0:0:0:
192,192,150487,1,0,0:0:0:0:
320,192,150665,1,0,0:0:0:0:
320,192,150879,128,0,151237:0:0:0:0:
192,192,151510,1,0,0:0:0:0:
448,192,151665,1,0,0:0:0:0:
320,192,151808,1,0,0:0:0:0:
448,192,151939,1,0,0:0:0:0:
320,192,152046,128,0,152177:0:0:0:0:
64,192,152296,128,0,152546:0:0:0:0:
192,192,152689,1,0,0:0:0:0:
192,192,152832,1,0,0:0:0:0:
448,192,152975,1,0,0:0:0:0:
320,192,153129,128,0,153260:0:0:0:0:
64,192,153391,128,0,153665:0:0:0:0:
192,192,153856,1,0,0:0:0:0:
448,192,154022,1,0,0:0:0:0:
320,192,154189,128,0,154296:0:0:0:0:
320,192,154415,128,0,154677:0:0:0:0:
64,192,154879,1,0,0:0:0:0:
192,192,154975,1,0,0:0:0:0:
448,192,155141,1,0,0:0:0:0:
320,192,155284,1,0,0:0:0:0:
448,192,155403,1,0,0:0:0:0:
320,192,155653,128,0,155844:0:0:0:0:
64,192,156058,1,0,0:0:0:0:
192,192,156153,1,0,0:0:0:0:
320,192,156284,1,0,0:0:0:0:
448,192,156403,1,0,0:0:0:0:
320,192,156534,128,0,156701:0:0:0:0:
320,192,156820,128,0,157046:0:0:0:0:
192,192,157201,1,0,0:0:0:0:
64,192,157332,1,0,0:0:0:0:
192,192,157439,1,0,0:0:0:0:
64,192,157582,1,0,0:0:0:0:
448,192,157713,128,0,160725:0:0:0:0:
64,192,160879,128,0,161927:0:0:0:0:
192,192,160879,128,0,161927:0:0:0:0:
