osu file format v14

[General]
AudioFilename:party-chaos.ogg
AudioLeadIn:0
PreviewTime:-1
Countdown:0
SampleSet:Soft
StackLeniency:0.7
Mode:3
LetterboxInBreaks:0
SpecialStyle:0
WidescreenStoryboard:0

[Editor]
DistanceSpacing:0.8
BeatDivisor:2
GridSize:32
TimelineZoom:1

[Metadata]
Title:
TitleUnicode:
Artist:
ArtistUnicode:
Creator:
Version:Beginner
Source:
Tags:
BeatmapID:0
BeatmapSetID:-1

[Difficulty]
HPDrainRate:5
CircleSize:4
OverallDifficulty:1
ApproachRate:5
SliderMultiplier:1.4
SliderTickRate:1

[Events]
//Background and Video events
//Break Periods
//Storyboard Layer 0 (Background)
//Storyboard Layer 1 (Fail
//Storyboard Layer 2 (Pass
//Storyboard Layer 3 (Foreground)
//Storyboard Sound Samples

[TimingPoints]
308,571.428571,4,1,0,100,1,0

[HitObjects]
64,192,1737,1,0,0:0:0:0:
192,192,1868,1,0,0:0:0:0:
320,192,2010,1,0,0:0:0:0:
64,192,2320,1,0,0:0:0:0:
192,192,2582,128,0,2844:0:0:0:0:
320,192,2998,1,0,0:0:0:0:
448,192,3141,1,0,0:0:0:0:
320,192,3248,1,0,0:0:0:0:
64,192,3415,1,0,0:0:0:0:
192,192,3713,128,0,4106:0:0:0:0:
64,192,6391,1,0,0:0:0:0:
320,192,6582,1,0,0:0:0:0:
448,192,6653,1,0,0:0:0:0:
320,192,6868,1,0,0:0:0:0:
448,192,6951,1,0,0:0:0:0:
192,192,7153,1,0,0:0:0:0:
64,192,7308,1,0,0:0:0:0:
192,192,7487,1,0,0:0:0:0:
64,192,7558,1,0,0:0:0:0:
320,192,7772,1,0,0:0:0:0:
448,192,7844,1,0,0:0:0:0:
320,192,7951,1,0,0:0:0:0:
192,192,8129,1,0,0:0:0:0:
64,192,8213,1,0,0:0:0:0:
192,192,8379,1,0,0:0:0:0:
448,192,8546,1,0,0:0:0:0:
320,192,8653,1,0,0:0:0:0:
64,192,8868,1,0,0:0:0:0:
192,192,8951,1,0,0:0:0:0:
448,192,9141,1,0,0:0:0:0:
320,192,9248,1,0,0:0:0:0:
64,192,9427,1,0,0:0:0:0:
192,192,9487,1,0,0:0:0:0:
448,192,9737,1,0,0:0:0:0:
320,192,9808,1,0,0:0:0:0:
192,192,9998,1,0,0:0:0:0:
192,192,10141,1,0,0:0:0:0:
320,192,10356,1,0,0:0:0:0:
448,192,10391,1,0,0:0:0:0:
320,192,10475,1,0,0:0:0:0:
64,192,10689,1,0,0:0:0:0:
192,192,10784,1,0,0:0:0:0:
448,192,10998,1,0,0:0:0:0:
320,192,11106,1,0,0:0:0:0:
64,192,11320,1,0,0:0:0:0:
192,192,11368,1,0,0:0:0:0:
320,192,11582,1,0,0:0:0:0:
448,192,11665,1,0,0:0:0:0:
64,192,11903,1,0,0:0:0:0:
192,192,11951,1,0,0:0:0:0:
320,192,12189,1,0,0:0:0:0:
448,192,12272,1,0,0:0:0:0:
64,192,12546,1,0,0:0:0:0:
192,192,12606,1,0,0:0:0:0:
320,192,12832,1,0,0:0:0:0:
448,192,12915,1,0,0:0:0:0:
320,192,12998,1,0,0:0:0:0:
64,192,13189,1,0,0:0:0:0:
192,192,13439,1,0,0:0:0:0:
320,192,13522,1,0,0:0:0:0:
448,192,13582,1,0,0:0:0:0:
320,192,13772,1,0,0:0:0:0:
64,192,14046,1,0,0:0:0:0:
192,192,14094,1,0,0:0:0:0:
448,192,14332,1,0,0:0:0:0:
320,192,14618,1,0,0:0:0:0:
448,192,14677,1,0,0:0:0:0:
64,192,14927,1,0,0:0:0:0:
192,192,14987,1,0,0:0:0:0:
320,192,15201,1,0,0:0:0:0:
448,192,15284,1,0,0:0:0:0:
64,192,15534,1,0,0:0:0:0:
192,192,15629,1,0,0:0:0:0:
320,192,15820,1,0,0:0:0:0:
448,192,15903,1,0,0:0:0:0:
192,192,16106,1,0,0:0:0:0:
64,192,16165,1,0,0:0:0:0:
192,192,16427,1,0,0:0:0:0:
320,192,16618,1,0,0:0:0:0:
448,192,16725,1,0,0:0:0:0:
192,192,16879,1,0,0:0:0:0:
64,192,16975,1,0,0:0:0:0:
320,192,17189,1,0,0:0:0:0:
448,192,17260,1,0,0:0:0:0:
192,192,17451,1,0,0:0:0:0:
64,192,17546,1,0,0:0:0:0:
320,192,17760,1,0,0:0:0:0:
448,192,17844,1,0,0:0:0:0:
192,192,18022,1,0,0:0:0:0:
64,192,18118,1,0,0:0:0:0:
320,192,18320,1,0,0:0:0:0:
448,192,18391,1,0,0:0:0:0:
192,192,18582,1,0,0:0:0:0:
64,192,18665,1,0,0:0:0:0:
192,192,21296,1,0,0:0:0:0:
448,192,21403,1,0,0:0:0:0:
64,192,21570,1,0,0:0:0:0:
192,192,21701,1,0,0:0:0:0:
192,192,21903,1,0,0:0:0:0:
320,192,22118,1,0,0:0:0:0:
448,192,22225,1,0,0:0:0:0:
64,192,22415,1,0,0:0:0:0:
192,192,22570,1,0,0:0:0:0:
448,192,22748,128,0,23368:0:0:0:0:
192,192,23606,1,0,0:0:0:0:
192,192,23939,1,0,0:0:0:0:
448,192,24058,1,0,0:0:0:0:
320,192,24177,1,0,0:0:0:0:
64,192,24332,1,0,0:0:0:0:
192,192,24498,1,0,0:0:0:0:
320,192,24856,1,0,0:0:0:0:
448,192,24987,128,0,25606:0:0:0:0:
64,192,26094,1,0,0:0:0:0:
192,192,26213,1,0,0:0:0:0:
320,192,26344,1,0,0:0:0:0:
448,192,26427,1,0,0:0:0:0:
320,192,26534,128,0,26701:0:0:0:0:
192,192,26820,1,0,0:0:0:0:
64,192,27046,1,0,0:0:0:0:
192,192,27141,1,0,0:0:0:0:
320,192,27284,1,0,0:0:0:0:
320,192,27498,1,0,0:0:0:0:
192,192,27665,1,0,0:0:0:0:
448,192,27796,1,0,0:0:0:0:
64,192,27951,128,0,28118:0:0:0:0:
192,192,28248,1,0,0:0:0:0:
320,192,28403,1,0,0:0:0:0:
448,192,28522,1,0,0:0:0:0:
64,192,28689,1,0,0:0:0:0:
192,192,28844,128,0,29094:0:0:0:0:
192,192,29403,1,0,0:0:0:0:
448,192,29594,1,0,0:0:0:0:
320,192,29760,1,0,0:0:0:0:
64,192,29879,1,0,0:0:0:0:
192,192,30058,1,0,0:0:0:0:
64,192,39451,1,0,0:0:0:0:
448,192,39629,1,0,0:0:0:0:
320,192,39772,1,0,0:0:0:0:
192,192,39927,128,0,40118:0:0:0:0:
448,192,40189,128,0,40451:0:0:0:0:
64,192,40582,1,0,0:0:0:0:
192,192,40713,1,0,0:0:0:0:
448,192,40891,1,0,0:0:0:0:
320,192,41034,1,0,0:0:0:0:
320,192,41237,128,0,41379:0:0:0:0:
192,192,41487,128,0,41677:0:0:0:0:
64,192,41844,1,0,0:0:0:0:
192,192,41951,1,0,0:0:0:0:
448,192,42141,1,0,0:0:0:0:
320,192,42260,128,0,42391:0:0:0:0:
448,192,42522,128,0,42689:0:0:0:0:
64,192,42903,1,0,0:0:0:0:
192,192,43010,1,0,0:0:0:0:
320,192,43153,1,0,0:0:0:0:
448,192,43248,1,0,0:0:0:0:
320,192,43415,128,0,43689:0:0:0:0:
64,192,44094,1,0,0:0:0:0:
192,192,44189,1,0,0:0:0:0:
320,192,44356,1,0,0:0:0:0:
448,192,44475,1,0,0:0:0:0:
320,192,44558,128,0,44772:0:0:0:0:
192,192,44832,128,0,45082:0:0:0:0:
192,192,45189,1,0,0:0:0:0:
320,192,45296,1,0,0:0:0:0:
448,192,45427,1,0,0:0:0:0:
320,192,45546,1,0,0:0:0:0:
64,192,45713,128,0,45820:0:0:0:0:
64,192,45987,128,0,46129:0:0:0:0:
192,192,46308,1,0,0:0:0:0:
448,192,46451,1,0,0:0:0:0:
320,192,46582,1,0,0:0:0:0:
448,192,46713,1,0,0:0:0:0:
320,192,46856,128,0,46998:0:0:0:0:
320,192,47141,128,0,47308:0:0:0:0:
192,192,47451,1,0,0:0:0:0:
448,192,47546,1,0,0:0:0:0:
64,192,47713,1,0,0:0:0:0:
192,192,47856,1,0,0:0:0:0:
448,192,47998,128,0,48522:0:0:0:0:
64,192,53308,128,0,56237:0:0:0:0:
448,192,55153,128,0,56237:0:0:0:0:
64,192,57082,1,0,0:0:0:0:
192,192,57189,1,0,0:0:0:0:
320,192,57344,1,0,0:0:0:0:
448,192,57463,1,0,0:0:0:0:
320,192,57582,1,0,0:0:0:0:
320,192,57748,128,0,58284:0:0:0:0:
64,192,58439,128,0,58868:0:0:0:0:
192,192,59010,128,0,59272:0:0:0:0:
320,192,59451,1,0,0:0:0:0:
448,192,59582,1,0,0:0:0:0:
320,192,59689,1,0,0:0:0:0:
448,192,59796,1,0,0:0:0:0:
320,192,59891,1,0,0:0:0:0:
192,192,59963,1,0,0:0:0:0:
64,192,60165,1,0,0:0:0:0:
192,192,60368,1,0,0:0:0:0:
448,192,60487,1,0,0:0:0:0:
320,192,60629,1,0,0:0:0:0:
64,192,60832,1,0,0:0:0:0:
192,192,60939,1,0,0:0:0:0:
64,192,61129,1,0,0:0:0:0:
64,192,80368,1,0,0:0:0:0:
192,192,80475,1,0,0:0:0:0:
320,192,80641,1,0,0:0:0:0:
448,192,80725,128,0,81391:0:0:0:0:
320,192,81618,1,0,0:0:0:0:
192,192,81748,1,0,0:0:0:0:
64,192,82022,1,0,0:0:0:0:
192,192,82332,1,0,0:0:0:0:
320,192,82546,1,0,0:0:0:0:
448,192,82808,128,0,83082:0:0:0:0:
64,192,83225,1,0,0:0:0:0:
448,192,83320,1,0,0:0:0:0:
64,192,83487,1,0,0:0:0:0:
448,192,83558,1,0,0:0:0:0:
64,192,83701,1,0,0:0:0:0:
64,192,83796,1,0,0:0:0:0:
192,192,84022,1,0,0:0:0:0:
64,192,84260,1,0,0:0:0:0:
192,192,84629,128,0,85308:0:0:0:0:
192,192,86594,1,0,0:0:0:0:
320,192,86737,1,0,0:0:0:0:
448,192,86879,1,0,0:0:0:0:
64,192,87022,1,0,0:0:0:0:
192,192,87106,1,0,0:0:0:0:
320,192,87296,1,0,0:0:0:0:
448,192,87510,128,0,87808:0:0:0:0:
320,192,87963,1,0,0:0:0:0:
192,192,88118,128,0,88987:0:0:0:0:
64,192,89165,1,0,0:0:0:0:
448,192,89260,1,0,0:0:0:0:
192,192,89379,1,0,0:0:0:0:
192,192,89820,1,0,0:0:0:0:
448,192,89975,1,0,0:0:0:0:
320,192,90106,1,0,0:0:0:0:
64,192,90248,128,0,90391:0:0:0:0:
192,192,90534,128,0,90784:0:0:0:0:
448,192,90951,1,0,0:0:0:0:
320,192,91046,1,0,0:0:0:0:
448,192,91189,1,0,0:0:0:0:
64,192,91332,128,0,91498:0:0:0:0:
320,192,91665,128,0,91856:0:0:0:0:
64,192,92094,1,0,0:0:0:0:
448,192,92225,1,0,0:0:0:0:
192,192,92379,1,0,0:0:0:0:
64,192,92582,128,0,92737:0:0:0:0:
192,192,92856,128,0,93118:0:0:0:0:
448,192,93272,1,0,0:0:0:0:
320,192,93379,1,0,0:0:0:0:
448,192,93522,1,0,0:0:0:0:
64,192,93689,128,0,93820:0:0:0:0:
192,192,93987,128,0,94201:0:0:0:0:
64,192,99177,1,0,0:0:0:0:
448,192,99332,1,0,0:0:0:0:
320,192,99463,1,0,0:0:0:0:
448,192,99606,1,0,0:0:0:0:
320,192,99737,1,0,0:0:0:0:
192,192,99903,1,0,0:0:0:0:
64,192,100010,1,0,0:0:0:0:
192,192,100129,1,0,0:0:0:0:
64,192,100237,1,0,0:0:0:0:
192,192,100356,1,0,0:0:0:0:
320,192,100546,1,0,0:0:0:0:
448,192,100653,1,0,0:0:0:0:
320,192,100760,128,0,101046:0:0:0:0:
192,192,101463,1,0,0:0:0:0:
448,192,101606,1,0,0:0:0:0:
320,192,101760,1,0,0:0:0:0:
64,192,101891,1,0,0:0:0:0:
192,192,102046,1,0,0:0:0:0:
448,192,102177,1,0,0:0:0:0:
320,192,102308,1,0,0:0:0:0:
448,192,102439,1,0,0:0:0:0:
64,192,102570,1,0,0:0:0:0:
192,192,102665,1,0,0:0:0:0:
64,192,102784,1,0,0:0:0:0:
192,192,102915,1,0,0:0:0:0:
448,192,103094,128,0,103439:0:0:0:0:
192,192,103701,1,0,0:0:0:0:
320,192,103808,1,0,0:0:0:0:
448,192,103915,1,0,0:0:0:0:
64,192,104082,1,0,0:0:0:0:
320,192,104213,1,0,0:0:0:0:
448,192,104379,1,0,0:0:0:0:
192,192,104510,1,0,0:0:0:0:
64,192,104641,1,0,0:0:0:0:
192,192,104820,1,0,0:0:0:0:
448,192,105046,1,0,0:0:0:0:
320,192,105213,128,0,105320:0:0:0:0:
192,192,105475,1,0,0:0:0:0:
448,192,105653,1,0,0:0:0:0:
192,192,106082,1,0,0:0:0:0:
448,192,106296,1,0,0:0:0:0:
64,192,106463,1,0,0:0:0:0:
320,192,106582,1,0,0:0:0:0:
192,192,106737,1,0,0:0:0:0:
448,192,106891,1,0,0:0:0:0:
64,192,107022,1,0,0:0:0:0:
192,192,107118,1,0,0:0:0:0:
448,192,107284,1,0,0:0:0:0:
320,192,107415,1,0,0:0:0:0:
64,192,107570,128,0,107915:0:0:0:0:
192,192,108129,1,0,0:0:0:0:
320,192,108237,1,0,0:0:0:0:
448,192,108344,1,0,0:0:0:0:
320,192,108475,1,0,0:0:0:0:
64,192,108606,1,0,0:0:0:0:
192,192,108737,1,0,0:0:0:0:
320,192,108903,128,0,109177:0:0:0:0:
192,192,109344,1,0,0:0:0:0:
448,192,109475,1,0,0:0:0:0:
320,192,109618,1,0,0:0:0:0:
64,192,109796,1,0,0:0:0:0:
192,192,109903,1,0,0:0:0:0:
448,192,110034,1,0,0:0:0:0:
320,192,110189,1,0,0:0:0:0:
192,192,110296,128,0,110963:0:0:0:0:
192,192,111153,128,0,111582:0:0:0:0:
192,192,111748,128,0,112308:0:0:0:0:
64,192,126546,1,0,0:0:0:0:
192,192,126713,1,0,0:0:0:0:
320,192,126820,128,0,127046:0:0:0:0:
320,192,127153,1,0,0:0:0:0:
448,192,127487,1,0,0:0:0:0:
320,192,127618,1,0,0:0:0:0:
64,192,127760,1,0,0:0:0:0:
192,192,127891,1,0,0:0:0:0:
192,192,128106,128,0,128641:0:0:0:0:
64,192,128903,1,0,0:0:0:0:
192,192,129082,1,0,0:0:0:0:
448,192,129165,1,0,0:0:0:0:
64,192,129498,1,0,0:0:0:0:
192,192,129570,1,0,0:0:0:0:
320,192,129737,1,0,0:0:0:0:
448,192,129832,1,0,0:0:0:0:
320,192,129975,1,0,0:0:0:0:
64,192,130094,1,0,0:0:0:0:
192,192,130237,128,0,130772:0:0:0:0:
192,192,131118,1,0,0:0:0:0:
448,192,131237,1,0,0:0:0:0:
320,192,131356,1,0,0:0:0:0:
64,192,131498,1,0,0:0:0:0:
192,192,131760,1,0,0:0:0:0:
448,192,131927,1,0,0:0:0:0:
320,192,132034,1,0,0:0:0:0:
448,192,132153,1,0,0:0:0:0:
64,192,132308,1,0,0:0:0:0:
192,192,132618,1,0,0:0:0:0:
64,192,132772,1,0,0:0:0:0:
448,192,132903,1,0,0:0:0:0:
320,192,133010,1,0,0:0:0:0:
64,192,133189,128,0,135189:0:0:0:0:
320,192,133737,128,0,135189:0:0:0:0:
192,192,133927,1,0,0:0:0:0:
448,192,133975,1,0,0:0:0:0:
192,192,134070,1,0,0:0:0:0:
448,192,134118,1,0,0:0:0:0:
192,192,134225,1,0,0:0:0:0:
448,192,134272,1,0,0:0:0:0:
192,192,134403,1,0,0:0:0:0:
448,192,134427,1,0,0:0:0:0:
192,192,134558,1,0,0:0:0:0:
448,192,134558,1,0,0:0:0:0:
192,192,134725,1,0,0:0:0:0:
448,192,134748,1,0,0:0:0:0:
192,192,134879,1,0,0:0:0:0:
448,192,134927,1,0,0:0:0:0:
192,192,135189,1,0,0:0:0:0:
448,192,135189,1,0,0:0:0:0:
64,192,135439,1,0,0:0:0:0:
320,192,135534,1,0,0:0:0:0:
192,192,135629,1,0,0:0:0:0:
448,192,135832,128,0,135998:0:0:0:0:
320,192,136141,128,0,136332:0:0:0:0:
64,192,136498,1,0,0:0:0:0:
192,192,136594,1,0,0:0:0:0:
448,192,136784,1,0,0:0:0:0:
320,192,136915,1,0,0:0:0:0:
192,192,137070,128,0,137606:0:0:0:0:
192,192,137808,1,0,0:0:0:0:
192,192,138129,1,0,0:0:0:0:
192,192,138320,1,0,0:0:0:0:
320,192,138534,1,0,0:0:0:0:
448,192,138653,1,0,0:0:0:0:
64,192,138808,1,0,0:0:0:0:
192,192,139082,1,0,0:0:0:0:
448,192,139213,128,0,139927:0:0:0:0:
192,192,140177,1,0,0:0:0:0:
320,192,140296,1,0,0:0:0:0:
448,192,140403,1,0,0:0:0:0:
320,192,140510,1,0,0:0:0:0:
64,192,140618,1,0,0:0:0:0:
192,192,140951,1,0,0:0:0:0:
192,192,141189,1,0,0:0:0:0:
320,192,141320,1,0,0:0:0:0:
448,192,141439,1,0,0:0:0:0:
320,192,141582,1,0,0:0:0:0:
64,192,141868,1,0,0:0:0:0:
192,192,141987,1,0,0:0:0:0:
448,192,142153,1,0,0:0:0:0:
448,192,142451,1,0,0:0:0:0:
320,192,142689,1,0,0:0:0:0:
192,192,142820,1,0,0:0:0:0:
64,192,143010,1,0,0:0:0:0:
192,192,143594,1,0,0:0:0:0:
320,192,143665,1,0,0:0:0:0:
448,192,143784,1,0,0:0:0:0:
320,192,143891,1,0,0:0:0:0:
64,192,144022,1,0,0:0:0:0:
192,192,144118,1,0,0:0:0:0:
320,192,144248,1,0,0:0:0:0:
448,192,144344,1,0,0:0:0:0:
320,192,144427,1,0,0:0:0:0:
192,192,144796,1,0,0:0:0:0:
448,192,144951,1,0,0:0:0:0:
320,192,145058,1,0,0:0:0:0:
64,192,145201,1,0,0:0:0:0:
192,192,145356,1,0,0:0:0:0:
64,192,145653,1,0,0:0:0:0:
192,192,145760,1,0,0:0:0:0:
320,192,145927,1,0,0:0:0:0:
448,192,146058,1,0,0:0:0:0:
320,192,146189,1,0,0:0:0:0:
448,192,146522,1,0,0:0:0:0:
192,192,146629,1,0,0:0:0:0:
320,192,146760,1,0,0:0:0:0:
64,192,147070,1,0,0:0:0:0:
192,192,147165,1,0,0:0:0:0:
320,192,147308,1,0,0:0:0:0:
448,192,147463,1,0,0:0:0:0:
320,192,147594,1,0,0:0:0:0:
192,192,148189,1,0,0:0:0:0:
64,192,148320,1,0,0:0:0:0:
320,192,148451,1,0,0:0:0:0:
448,192,148546,1,0,0:0:0:0:
320,192,148641,1,0,0:0:0:0:
192,192,148737,1,0,0:0:0:0:
192,192,149594,1,0,0:0:0:0:
320,192,149713,1,0,0:0:0:0:
448,192,149844,1,0,0:0:0:0:
320,192,149998,128,0,150237:0:0:0:0:
64,192,150403,1,0,0:0:0:0:
192,192,150487,1,0,0:0:0:0:
320,192,150665,1,0,0:0:0:0:
320,192,150879,128,0,151237:0:0:0:0:
192,192,151510,1,0,0:0:0:0:
448,192,151665,1,0,0:0:0:0:
320,192,151808,1,0,0:0:0:0:
448,192,151939,1,0,0:0:0:0:
320,192,152046,128,0,152177:0:0:0:0:
64,192,152296,128,0,152546:0:0:0:0:
192,192,152689,1,0,0:0:0:0:
192,192,152832,1,0,0:0:0:0:
448,192,152975,1,0,0:0:0:0:
320,192,153129,128,0,153260:0:0:0:0:
64,192,153391,128,0,153665:0:0:0:0:
192,192,153856,1,0,0:0:0:0:
448,192,154022,1,0,0:0:0:0:
320,192,154189,128,0,154296:0:0:0:0:
320,192,154415,128,0,154677:0:0:0:0:
64,192,154879,1,0,0:0:0:0:
192,192,154975,1,0,0:0:0:0:
448,192,155141,1,0,0:0:0:0:
320,192,155284,1,0,0:0:0:0:
448,192,155403,1,0,0:0:0:0:
320,192,155653,128,0,155844:0:0:0:0:
64,192,156058,1,0,0:0:0:0:
192,192,156153,1,0,0:0:0:0:
320,192,156284,1,0,0:0:0:0:
448,192,156403,1,0,0:0:0:0:
320,192,156534,128,0,156701:0:0:0:0:
320,192,156820,128,0,157046:0:0:0:0:
192,192,157201,1,0,0:0:0:0:
64,192,157332,1,0,0:0:0:0:
192,192,157439,1,0,0:0:0:0:
64,192,157582,1,0,0:0:0:0:
448,192,157713,128,0,160725:0:0:0:0:
64,192,160879,128,0,161927:0:0:0:0:
192,192,160879,128,0,161927:0:0:0:0:
